343 321
346 261
348 202
348 174
311 223
308 274
298 313
294 322
380 224
387 273
384 322
385 329
325 319
322 399
322 454
305 454
357 319
354 394
347 449
326 450
348 217
293 333
291 317
384 340
387 329
343 320
346 261
348 202
348 174
311 223
308 274
299 317
299 329
380 224
386 274
384 317
381 326
325 318
319 395
321 452
315 469
357 319
355 387
349 440
328 443
347 217
296 341
291 326
381 338
386 323
343 320
345 261
348 202
348 174
311 222
308 275
300 318
300 330
380 224
386 274
383 316
380 326
325 318
318 394
319 453
312 470
357 319
355 387
350 440
329 443
347 217
299 344
293 328
378 337
384 327
342 320
345 261
346 202
347 174
311 223
307 277
300 317
299 331
379 224
385 274
380 317
377 327
325 318
317 394
313 460
309 471
356 319
355 387
351 440
331 442
346 217
299 344
293 336
377 337
381 325
342 320
344 261
345 202
346 175
310 222
306 276
300 316
297 331
379 225
384 274
380 316
376 327
324 318
315 397
309 464
297 468
355 319
355 387
351 441
343 463
345 217
297 344
291 329
375 337
381 324
341 320
343 261
344 203
346 175
309 223
305 277
296 318
296 331
378 225
383 274
379 316
374 327
324 318
314 398
309 462
297 467
355 319
355 388
351 441
342 463
344 217
295 344
291 327
373 338
380 329
337 320
341 261
343 203
344 175
308 223
303 278
294 320
294 331
377 225
381 274
378 315
372 327
320 319
313 401
310 458
305 469
351 318
353 386
350 441
344 458
343 218
294 344
288 331
371 338
376 329
335 320
339 261
342 204
343 176
306 223
300 276
293 320
291 331
375 226
379 273
376 315
370 328
318 319
312 399
310 459
306 469
349 318
352 388
350 443
338 463
341 218
293 344
285 331
368 340
374 329
334 319
338 261
341 204
342 176
305 224
299 276
292 319
290 331
375 226
378 273
376 315
369 328
317 318
311 398
309 459
305 469
349 318
351 387
350 449
339 462
340 218
295 345
285 337
368 340
374 329
333 320
337 261
339 204
341 176
304 224
297 276
290 319
289 330
373 226
377 273
374 314
368 327
316 319
310 398
309 459
305 468
347 318
350 387
350 446
335 460
339 218
294 345
282 334
367 338
373 326
333 319
336 261
338 204
340 176
303 224
295 275
289 318
289 328
372 226
376 273
373 314
368 327
315 318
309 395
308 459
305 468
347 318
349 387
350 447
341 462
338 218
290 341
284 334
367 340
372 326
332 319
335 261
338 204
340 176
302 224
295 276
289 318
290 327
372 227
375 273
373 314
369 327
315 318
309 395
308 459
305 468
346 317
349 386
349 444
337 461
337 218
290 339
283 328
368 339
373 327
332 319
335 261
337 205
339 177
301 224
295 275
289 318
292 325
371 227
374 274
374 315
369 328
314 318
309 395
308 457
307 469
346 317
348 387
349 446
342 464
336 219
290 336
284 323
371 340
375 326
331 319
334 261
336 204
338 177
301 225
295 275
290 317
293 324
371 227
374 273
374 315
372 328
314 318
309 396
308 457
306 468
346 317
348 387
349 444
342 462
336 219
292 335
286 325
372 342
377 328
331 319
334 261
335 204
338 177
300 225
295 275
290 316
293 324
370 227
373 275
375 315
375 329
314 318
308 396
308 457
306 467
346 317
348 387
348 447
338 468
335 219
294 335
286 324
376 342
379 328
331 319
334 261
335 205
338 177
300 225
295 275
290 317
293 325
370 227
373 274
378 315
381 330
314 318
308 400
308 458
305 466
346 317
348 387
349 448
335 463
335 219
292 336
286 324
380 342
382 325
331 319
333 261
335 205
337 177
300 225
295 274
290 317
292 325
370 227
374 275
381 316
385 331
313 318
308 397
308 458
306 467
345 317
348 385
349 448
340 462
334 219
291 336
285 325
386 342
386 326
331 319
333 261
335 205
337 177
300 225
295 274
290 317
292 325
370 227
374 275
382 314
387 330
313 318
308 397
308 459
305 467
345 317
348 386
349 449
340 463
334 219
291 336
285 326
388 342
387 327
331 319
333 261
334 205
337 177
299 225
295 274
290 318
292 325
369 227
374 275
385 314
390 329
313 318
308 397
308 458
303 465
345 317
348 386
350 446
343 461
334 219
289 336
284 331
390 341
389 327
330 319
333 261
334 205
337 177
299 225
294 275
289 318
291 326
369 227
375 275
385 314
390 330
313 318
308 397
308 458
306 468
345 317
347 387
350 444
340 463
334 219
289 338
283 327
390 341
393 330
330 319
332 261
334 205
337 177
299 225
294 275
289 318
291 326
369 227
375 275
385 314
389 329
313 318
308 397
308 458
305 467
344 317
347 387
350 444
340 463
334 219
289 337
284 325
389 340
393 334
330 319
332 261
334 205
336 177
299 225
294 275
289 318
291 326
369 227
375 275
385 312
387 329
312 318
308 396
308 457
302 467
344 317
347 387
350 444
339 461
334 219
289 338
283 326
387 340
390 330
330 319
332 261
334 205
336 177
299 225
294 275
288 318
291 326
369 227
375 274
384 312
384 327
312 318
308 399
308 458
304 469
344 317
348 386
349 443
341 463
334 219
289 337
284 326
383 340
384 332
330 319
332 261
334 205
336 177
299 225
293 275
288 318
291 326
369 227
375 274
382 313
381 328
312 318
308 398
308 457
295 461
344 317
348 386
349 444
340 464
334 219
290 338
284 326
381 341
382 331
330 319
332 261
334 205
336 177
299 225
294 275
289 318
291 326
369 227
374 274
380 313
378 328
312 318
308 398
308 457
296 467
344 317
348 386
350 445
341 463
334 219
290 338
284 327
376 341
380 330
330 319
332 261
334 205
336 177
299 225
294 274
289 317
291 326
369 227
374 274
376 315
372 328
313 318
308 398
308 458
306 467
344 317
348 386
350 447
342 462
334 219
290 337
284 326
373 342
378 324
330 319
332 261
334 205
336 177
299 226
294 274
289 317
291 325
369 227
374 274
375 315
370 328
313 318
308 398
308 458
305 466
344 317
348 387
349 448
342 463
334 219
289 337
284 323
370 341
374 328
330 319
332 261
334 205
337 177
299 226
295 274
289 317
291 326
370 227
374 273
374 315
368 327
313 318
308 398
308 458
304 466
344 317
348 387
350 446
341 462
334 219
290 337
284 327
367 340
374 324
330 319
333 261
334 205
337 177
299 225
295 274
289 317
291 325
370 227
373 272
373 317
368 327
313 318
308 397
308 459
305 468
345 317
348 387
349 447
343 462
334 219
290 337
284 326
367 341
374 322
330 319
333 261
334 205
337 177
299 225
295 274
289 317
291 326
370 227
373 273
373 317
369 327
313 318
308 399
308 459
305 468
345 317
348 388
350 446
343 462
334 219
290 337
284 324
369 341
374 327
330 319
333 261
334 205
337 177
299 225
295 274
289 317
291 326
370 227
373 273
372 317
369 328
313 318
308 398
308 459
295 461
345 317
348 387
350 444
343 460
334 219
290 337
284 332
369 341
375 323
330 319
333 261
334 205
337 177
299 225
295 274
289 317
291 326
370 227
373 273
373 316
369 328
313 318
308 398
308 459
302 469
345 317
348 387
348 451
342 464
334 219
290 337
284 329
370 341
374 333
330 319
333 261
335 205
337 177
299 225
295 274
289 317
291 325
370 227
373 273
373 316
370 328
313 318
308 400
308 459
303 467
345 317
348 387
348 450
341 464
334 219
290 337
284 330
370 342
377 330
331 319
333 261
335 205
337 177
299 225
295 274
289 317
291 325
370 227
374 273
373 317
370 328
313 318
308 399
308 459
304 467
345 317
348 387
348 446
341 464
334 219
290 337
284 325
369 342
375 330
331 319
333 262
335 205
337 177
299 225
295 274
289 317
291 325
370 227
374 274
373 316
370 328
313 318
308 399
308 459
304 465
345 317
348 387
348 446
343 455
334 219
289 337
284 328
370 341
376 325
331 319
333 262
335 205
337 177
300 225
295 274
289 317
291 325
370 227
374 274
374 316
370 328
313 318
308 398
309 458
295 460
345 317
348 387
348 448
341 462
334 219
290 337
284 331
371 342
375 328
331 319
333 262
335 205
337 177
300 225
295 274
289 317
291 325
370 227
374 274
375 316
373 329
313 318
308 397
308 457
306 466
345 317
348 387
349 448
341 463
335 219
290 337
285 326
374 343
378 332
331 319
333 261
335 205
338 177
300 225
295 274
289 317
292 326
370 227
374 274
380 314
385 330
313 318
308 400
308 457
305 466
345 317
348 387
349 444
342 462
334 219
290 337
284 326
385 341
382 327
330 319
333 261
335 205
338 177
299 225
295 274
289 317
291 325
370 227
374 274
387 315
391 330
313 319
308 400
308 459
305 470
345 317
348 387
349 443
339 463
334 219
290 337
284 327
393 341
390 323
330 319
333 261
335 205
338 177
299 225
295 274
289 317
291 325
370 227
379 272
401 312
405 326
313 318
308 401
308 458
305 468
345 317
348 386
349 443
339 461
334 219
290 337
283 328
407 335
404 321
330 319
333 261
335 205
338 177
299 225
295 274
289 317
291 325
370 227
383 271
405 307
412 321
312 318
308 399
308 458
305 467
344 317
348 386
349 442
340 462
334 219
290 337
284 329
415 332
411 315
330 319
332 261
334 205
337 177
299 225
294 275
289 317
291 326
370 227
388 266
416 295
430 312
312 318
308 396
308 457
304 465
344 317
348 385
349 443
340 461
334 219
288 337
283 323
435 321
428 306
330 319
332 261
334 205
337 177
299 225
293 275
288 317
291 325
370 227
395 259
427 284
442 294
312 318
308 397
308 460
304 470
344 317
348 386
349 444
340 463
334 219
290 337
283 325
449 305
438 287
329 319
332 261
334 205
337 177
299 225
293 275
288 320
291 327
370 227
397 257
436 278
450 288
312 318
308 397
308 458
297 461
344 317
348 386
349 444
341 463
333 219
289 338
283 328
458 297
446 282
329 319
332 261
333 205
337 177
298 225
292 275
286 311
289 324
370 227
402 251
440 265
457 270
312 318
308 398
308 458
305 466
344 317
348 384
349 444
341 461
333 219
288 336
284 326
466 277
460 270
329 319
331 261
332 204
336 177
298 225
292 275
288 319
291 327
370 227
405 248
445 254
463 256
311 318
308 398
308 457
304 465
343 317
348 384
349 444
343 460
332 218
290 338
284 329
476 265
468 256
329 319
331 261
332 204
336 177
298 225
292 275
288 319
290 327
370 226
407 244
447 248
466 250
311 318
308 397
308 457
304 465
343 317
348 385
349 445
343 461
332 218
290 339
284 330
476 254
472 249
329 319
331 261
332 204
336 177
297 225
292 275
286 311
289 324
370 226
409 239
449 239
470 238
311 318
308 396
308 457
304 465
343 317
348 385
349 445
342 460
332 218
289 337
283 324
481 244
474 236
329 319
331 261
332 204
336 176
297 225
292 275
288 317
290 325
370 225
419 230
465 228
477 228
311 318
308 395
308 457
302 466
343 317
348 385
349 446
341 460
331 218
289 337
283 325
487 229
475 224
329 319
331 261
332 204
336 176
297 225
292 275
288 317
290 326
370 224
419 227
464 225
478 223
311 318
308 395
308 457
304 465
343 317
348 385
349 445
341 460
331 218
289 339
284 329
490 223
478 220
329 319
331 261
331 204
335 176
297 226
292 275
288 317
290 326
370 223
418 221
458 213
478 212
311 318
308 395
308 457
305 466
343 317
347 386
349 444
343 462
331 218
289 338
283 326
490 210
476 209
329 319
331 261
331 204
335 176
297 226
292 275
288 317
290 326
371 223
420 214
462 203
479 200
311 318
308 400
308 459
304 466
343 317
347 386
349 445
343 461
331 218
289 338
284 328
490 199
475 197
329 319
331 261
331 204
335 176
297 226
292 275
287 311
289 325
371 222
418 212
460 198
478 194
312 318
308 396
308 459
294 468
343 316
347 385
349 445
341 461
331 218
289 337
284 331
488 192
477 190
329 318
331 261
331 204
335 176
298 226
292 275
287 311
290 325
372 220
417 205
465 188
476 182
312 317
308 396
308 459
294 462
344 316
347 385
349 444
339 462
331 218
289 338
284 330
487 179
474 178
329 318
331 260
331 204
335 176
298 226
292 275
287 311
290 325
372 219
420 197
461 179
473 171
312 317
308 396
308 458
302 464
344 315
347 385
350 446
342 461
331 218
289 338
283 324
482 167
467 168
330 318
331 260
331 204
335 176
298 226
292 275
287 311
290 325
372 218
420 190
462 164
470 158
312 317
308 396
308 456
303 463
344 315
347 385
349 446
342 463
331 218
289 338
284 327
482 154
467 155
330 317
331 260
331 204
335 176
299 226
292 275
287 311
290 325
372 218
415 188
461 162
468 153
312 317
308 396
308 457
303 464
344 315
347 386
349 446
341 463
331 218
290 339
285 333
480 148
468 147
330 317
332 260
334 204
335 177
299 226
292 275
287 311
290 325
372 215
408 185
450 153
460 142
313 317
308 398
308 457
304 464
344 315
348 385
349 443
343 452
333 218
289 338
283 324
470 135
454 140
330 317
332 260
334 204
335 177
299 226
292 275
287 312
290 325
372 215
407 185
440 152
455 138
313 317
308 397
308 458
304 466
344 314
348 385
350 446
343 462
333 218
290 338
284 326
469 130
455 132
330 317
332 260
333 204
335 177
299 226
292 275
287 312
290 325
372 215
405 177
439 141
449 128
313 316
309 398
308 458
294 462
345 314
348 385
348 450
342 464
333 218
290 339
284 321
458 120
450 120
331 316
332 260
333 204
335 177
299 226
293 275
289 315
291 326
371 213
404 171
435 129
442 120
313 316
309 394
308 458
295 465
345 314
348 384
349 445
342 461
333 218
291 338
285 329
450 111
437 116
331 316
332 260
333 204
335 177
299 226
293 276
289 316
291 326
371 213
402 167
429 126
435 113
313 316
309 394
308 458
296 460
345 313
348 384
349 445
341 461
333 218
290 338
285 328
442 102
431 108
331 316
332 259
333 204
335 177
299 226
293 275
290 318
292 326
369 212
401 166
423 126
431 110
313 316
309 394
308 458
296 460
345 313
348 384
347 449
340 457
333 218
291 338
285 328
436 99
425 107
331 316
332 259
333 204
335 177
300 226
293 274
290 317
291 326
369 211
393 170
419 123
424 105
314 316
309 394
308 458
305 466
345 313
348 384
349 445
342 460
333 218
291 338
285 325
428 89
417 106
331 316
332 259
333 204
336 177
300 226
294 273
290 317
291 326
369 211
392 168
416 121
419 102
314 316
310 397
308 457
295 469
345 313
348 384
349 444
342 461
333 218
291 338
285 329
422 89
413 98
331 315
332 259
334 204
336 177
300 226
294 274
290 317
292 326
369 211
392 167
414 118
418 101
314 315
310 396
308 457
298 470
345 312
348 384
349 444
342 453
333 218
290 338
286 330
422 89
410 99
331 315
333 259
334 204
336 177
300 226
294 273
290 318
292 327
369 211
392 167
413 117
417 101
314 315
310 395
308 459
304 468
345 312
348 380
349 442
343 451
333 217
291 339
285 327
421 89
411 97
331 315
333 259
334 204
336 177
300 226
294 274
290 318
292 327
369 210
392 167
415 116
420 103
314 315
310 395
308 459
304 468
345 312
348 380
349 443
343 452
333 217
290 338
285 328
421 88
413 101
331 315
333 259
334 204
336 177
300 226
294 274
290 317
291 326
369 210
392 167
415 118
422 104
314 315
309 400
308 460
304 468
345 312
348 381
349 446
342 455
333 217
291 338
285 328
428 92
416 101
331 315
333 259
334 204
336 177
300 226
294 274
290 320
292 327
369 211
395 168
420 121
428 109
314 315
310 396
308 458
305 470
345 312
348 383
349 444
343 460
334 218
290 338
285 331
433 97
421 106
331 315
333 259
334 204
336 177
300 226
294 274
288 310
291 324
369 211
398 167
423 122
432 111
314 315
309 400
308 460
305 470
345 312
348 383
349 443
342 461
334 218
290 338
285 327
438 100
425 108
331 315
333 259
334 204
336 177
300 226
294 274
288 310
290 324
370 212
400 167
430 126
438 116
314 315
309 396
308 458
296 462
345 312
348 383
350 443
340 461
334 218
290 338
284 330
447 105
434 111
331 315
333 259
334 204
336 178
300 226
294 275
289 317
291 326
370 212
403 169
433 133
444 121
314 315
309 396
308 459
304 466
345 312
348 384
350 446
340 461
334 218
289 338
284 326
452 108
439 118
331 315
333 259
334 204
336 178
300 226
294 275
289 319
291 327
370 213
404 174
436 139
448 127
314 315
309 401
308 460
305 466
345 312
348 384
350 446
344 455
334 218
290 338
285 328
456 118
442 124
331 315
333 259
334 204
336 177
300 226
294 275
289 318
291 326
370 213
405 176
438 141
451 129
314 315
309 401
308 460
303 468
345 312
348 384
350 445
340 458
334 218
290 338
284 328
460 120
446 124
331 315
333 259
334 204
336 177
300 226
293 275
288 311
290 324
371 213
405 183
444 148
456 137
314 315
309 396
308 458
304 465
345 313
348 385
350 445
344 454
334 218
290 337
285 326
465 129
454 130
331 315
333 259
334 204
336 177
300 226
293 275
288 311
290 324
371 214
406 187
452 155
463 146
314 315
309 399
308 457
305 465
345 313
348 382
350 443
342 457
333 218
290 338
284 324
473 140
458 142
331 315
333 259
333 204
336 177
300 226
293 275
288 311
290 325
371 214
407 190
455 160
465 152
314 315
309 399
308 457
305 466
345 313
349 382
350 442
341 460
333 218
290 338
285 328
476 146
463 146
331 316
332 259
333 204
336 177
300 226
293 275
288 311
291 324
371 215
408 196
458 170
471 162
314 316
309 399
308 459
305 468
345 313
349 383
350 443
342 462
333 218
290 337
284 326
481 156
468 158
331 316
332 259
333 204
336 177
300 226
293 275
288 311
290 324
371 216
410 200
454 184
471 175
314 316
309 398
308 459
306 468
345 313
348 383
349 442
344 461
333 218
290 337
284 332
482 165
470 169
331 316
332 259
333 204
336 177
300 226
293 275
288 311
290 324
371 216
415 203
464 183
475 179
314 316
308 401
308 459
306 470
345 313
348 383
349 443
344 461
333 218
290 338
284 325
486 176
472 174
331 316
332 259
333 204
336 177
299 226
293 275
288 311
291 324
371 217
411 208
455 193
473 188
314 316
308 400
308 458
304 464
345 313
349 383
349 445
343 455
333 218
290 337
284 326
484 185
473 184
331 316
332 260
333 204
336 177
299 226
293 275
288 311
290 324
370 218
417 212
472 199
483 196
313 316
308 400
308 458
305 467
345 314
348 386
349 446
341 461
333 218
290 337
284 325
493 197
481 192
331 317
332 260
333 204
336 177
299 226
293 275
288 311
290 324
370 219
417 213
458 206
476 201
313 316
308 401
308 457
305 468
345 314
348 386
349 447
341 462
333 218
290 336
284 327
488 200
476 198
331 317
332 260
333 204
336 177
299 226
293 275
288 311
290 324
370 219
418 216
461 212
478 211
313 317
308 401
308 457
305 468
345 314
349 383
348 449
340 461
333 218
290 337
284 328
490 211
475 207
331 317
332 260
333 204
336 177
299 226
293 275
288 311
291 324
370 220
418 222
461 220
478 221
313 317
309 398
308 457
306 467
345 315
349 384
348 449
343 463
332 218
290 337
285 326
489 222
477 217
331 317
332 260
332 204
336 177
299 226
293 275
288 311
291 324
370 220
418 224
458 225
476 227
313 317
309 398
308 457
306 467
345 315
349 384
348 448
343 462
332 218
290 338
285 325
488 227
480 223
330 318
332 260
332 204
336 177
299 226
293 276
288 311
291 325
369 221
415 230
454 237
475 238
313 317
309 400
307 459
304 469
345 315
349 384
349 447
343 456
332 218
291 337
285 332
486 240
474 235
331 318
332 260
332 204
336 177
299 226
293 276
288 311
291 325
369 221
407 238
447 239
466 244
313 317
309 399
307 459
303 469
345 315
349 385
349 445
343 454
332 218
290 338
285 327
479 249
472 241
331 318
332 260
333 204
336 177
299 226
293 276
288 311
291 325
369 223
406 240
445 249
463 255
313 318
309 400
307 458
297 470
345 315
349 384
349 443
342 462
333 218
290 338
285 325
476 261
467 254
331 318
332 260
333 204
336 177
299 226
293 276
288 312
291 325
370 224
405 244
443 258
459 266
313 318
309 399
308 458
296 461
345 316
349 385
348 450
341 463
333 218
291 338
285 330
469 271
464 266
331 318
332 260
333 204
336 177
299 226
293 276
288 312
291 325
370 224
404 246
441 262
457 271
313 318
309 398
308 455
306 465
345 316
349 385
349 444
344 453
333 218
290 337
285 323
467 277
463 273
331 318
332 261
333 204
336 177
299 226
293 276
288 312
291 324
369 225
401 250
437 269
452 280
313 318
309 399
308 457
305 466
345 316
349 385
349 448
341 463
333 218
291 338
285 333
463 289
451 281
330 319
332 261
333 204
336 177
299 226
294 276
288 311
291 325
369 225
399 252
435 278
449 290
313 318
309 400
308 457
305 470
345 316
349 385
349 444
344 460
333 218
290 338
285 332
456 298
451 301
330 319
332 261
333 204
336 177
299 226
294 276
288 311
291 324
369 225
398 254
438 286
450 296
313 318
309 398
308 457
305 463
345 316
349 383
349 442
344 451
333 218
290 337
285 324
454 304
450 303
330 319
332 261
334 204
336 177
299 226
294 275
288 311
291 324
369 225
396 258
435 293
444 304
313 318
309 399
308 457
298 464
345 316
349 385
350 444
344 453
333 218
291 338
285 324
452 312
440 306
331 319
332 261
334 204
337 177
299 226
294 276
288 311
291 324
370 225
395 260
421 292
434 306
313 318
309 400
308 459
296 460
345 316
349 384
350 444
344 453
334 218
290 337
285 325
442 315
440 309
331 319
332 261
334 204
337 177
299 226
294 276
288 311
291 324
370 225
394 261
421 293
432 309
313 318
310 398
308 458
294 463
345 316
349 384
350 445
344 461
334 218
291 337
285 329
441 318
433 306
331 319
333 261
334 204
337 177
299 226
294 275
288 311
291 324
370 225
392 266
419 300
427 316
313 318
309 398
308 458
306 471
345 316
349 385
350 445
342 462
334 218
291 338
286 328
436 326
426 324
331 319
333 261
334 204
337 177
300 226
295 275
288 311
291 324
370 225
391 266
415 301
423 317
313 318
309 398
308 458
306 471
345 316
349 385
348 449
342 462
334 218
291 337
285 321
430 327
422 328
331 319
333 261
335 204
337 177
300 226
295 275
289 311
291 324
370 225
389 268
409 304
416 322
313 318
309 398
308 457
296 460
345 316
349 384
349 445
342 461
334 218
291 337
285 326
423 332
419 322
331 319
333 261
335 204
337 177
300 226
295 275
289 311
291 324
370 225
387 268
406 310
411 327
313 318
310 398
308 458
305 468
345 316
349 384
349 444
341 460
335 218
291 337
285 331
415 337
412 324
331 319
333 261
335 204
337 177
300 226
295 275
289 311
291 324
370 226
385 269
404 312
408 329
313 318
310 400
308 458
305 468
345 316
349 385
349 443
341 462
335 218
291 337
286 330
413 340
402 326
331 319
333 261
335 204
338 177
301 226
295 275
289 310
292 324
370 226
383 272
399 314
401 331
314 318
310 400
308 457
297 468
345 316
349 385
349 447
342 461
335 218
291 337
286 328
403 341
397 326
331 319
334 261
336 204
338 177
301 226
295 275
289 310
291 323
371 226
381 274
393 315
394 332
314 319
310 399
308 457
306 466
346 316
349 385
348 449
341 464
335 218
291 336
286 332
395 343
389 342
332 319
334 261
336 204
338 177
301 226
295 275
289 310
292 324
371 226
380 275
391 315
390 333
314 319
310 399
308 459
305 470
346 316
349 385
349 443
341 461
335 218
291 337
286 325
389 344
385 344
332 319
334 261
336 204
338 177
301 227
296 275
289 310
292 324
371 226
379 275
385 315
384 332
314 319
310 401
307 460
298 463
346 316
349 384
349 443
343 452
335 218
291 337
287 331
385 345
377 330
333 319
334 261
336 204
338 177
301 227
296 275
289 310
292 324
371 226
377 275
380 317
378 332
315 319
310 400
308 458
304 468
347 317
349 385
349 443
341 460
336 218
291 337
286 327
378 346
371 330
333 319
335 261
336 204
339 177
301 227
296 275
289 310
292 323
371 226
377 275
379 316
376 331
315 319
310 399
308 458
308 470
347 317
350 385
349 442
338 460
336 218
291 337
285 329
375 346
369 331
333 319
335 261
336 204
339 177
301 226
296 275
289 310
292 324
371 226
376 274
372 320
370 329
315 319
310 399
308 458
305 469
347 317
350 385
350 444
339 461
336 218
291 337
286 324
363 344
361 323
333 319
335 261
336 205
339 177
301 226
296 275
289 310
292 324
371 226
375 272
373 319
371 332
315 319
310 400
308 458
304 468
347 317
350 385
349 443
341 462
336 219
291 337
286 326
368 345
361 333
333 319
335 261
336 205
339 177
301 226
296 275
289 311
292 323
371 226
375 273
373 320
372 331
315 319
310 399
308 458
304 467
347 317
350 385
349 443
343 458
336 219
291 337
286 329
364 346
363 326
333 319
335 261
337 205
339 177
301 226
296 275
289 311
292 324
371 226
375 273
376 316
373 331
315 319
310 399
308 458
295 463
347 317
350 386
349 443
341 461
336 219
291 337
286 323
370 345
363 330
333 319
335 261
337 205
339 177
301 226
296 275
289 311
292 324
371 226
376 273
376 316
373 329
316 319
310 399
308 457
304 465
347 317
350 386
349 444
343 453
336 219
292 337
286 326
373 342
365 326
333 319
335 261
337 204
339 177
302 226
296 275
289 311
292 324
371 226
376 274
375 318
373 331
316 319
310 397
308 457
304 464
347 317
350 386
349 444
343 453
336 219
291 337
286 324
372 343
364 326
333 319
335 261
337 204
339 177
302 226
296 275
289 311
292 324
371 226
376 274
376 317
373 331
316 319
310 397
308 458
304 464
347 317
350 386
349 444
343 453
337 219
291 337
286 324
370 344
364 330
333 319
335 261
337 204
339 177
302 226
297 275
291 315
293 324
371 226
376 273
376 314
373 330
316 319
310 401
308 458
296 463
348 317
350 386
349 443
342 461
337 219
291 336
286 325
371 344
365 324
333 319
335 261
337 204
339 177
302 226
297 275
291 315
293 325
371 226
376 273
376 314
373 330
316 319
310 401
308 458
297 460
348 317
350 386
349 446
342 460
337 219
292 337
286 325
371 344
364 329
333 319
335 261
337 204
340 177
302 226
297 275
291 316
293 325
371 226
376 273
376 315
373 329
316 319
310 399
308 457
294 461
348 317
350 386
349 443
343 452
337 219
292 337
287 329
371 343
365 324
333 319
335 261
337 204
340 177
302 226
297 275
291 316
293 325
371 226
376 273
376 315
373 331
316 319
310 400
308 458
305 467
348 317
350 386
348 450
342 462
337 219
292 337
286 324
369 344
365 325
333 319
335 261
337 205
340 177
302 226
297 275
291 316
293 325
371 226
376 273
376 321
373 331
316 319
310 398
308 458
305 466
348 317
350 389
348 451
338 460
337 219
292 338
287 329
368 346
364 328
333 319
335 261
337 204
340 177
302 226
297 275
291 317
293 325
371 226
376 273
376 317
373 330
316 319
310 397
308 457
304 465
348 317
350 388
348 451
340 463
337 219
291 338
286 327
372 344
364 326
333 320
336 261
337 205
340 177
302 226
297 275
291 317
293 325
371 226
376 273
376 314
373 330
316 319
310 400
308 459
305 468
348 317
350 387
350 446
343 459
337 219
292 337
286 326
371 343
364 330
334 320
336 261
337 205
340 177
302 226
297 275
291 316
293 325
371 226
376 273
376 314
373 329
316 319
310 400
308 458
304 468
348 317
350 387
349 447
343 460
337 219
293 337
287 325
372 344
364 329
334 320
336 261
338 204
340 177
302 226
297 275
291 317
293 325
371 226
376 274
376 314
373 329
316 319
310 400
308 458
294 463
348 317
350 387
348 449
342 462
337 219
292 336
286 325
372 344
365 323
334 320
336 261
338 204
340 177
302 226
297 275
291 317
293 326
371 226
376 274
375 317
373 330
316 319
310 400
307 457
304 466
348 317
350 387
348 452
341 465
337 219
291 338
286 331
372 344
364 328
334 320
336 261
338 204
340 177
302 226
297 275
291 317
293 325
371 226
376 274
375 316
373 332
316 319
310 401
308 457
295 464
348 317
350 386
348 452
341 466
337 219
293 338
287 329
368 345
364 327
334 320
336 261
338 204
340 177
302 226
297 275
291 317
293 325
371 226
376 273
375 316
373 331
316 319
310 398
308 456
305 466
348 317
350 386
348 449
342 457
337 219
292 337
287 327
370 344
365 324
334 320
336 261
338 204
340 177
302 226
297 275
292 317
293 325
371 226
376 273
375 316
373 329
316 319
310 398
308 457
306 469
348 317
350 386
349 443
339 462
337 219
292 337
287 326
373 344
364 332
334 320
336 262
338 205
340 177
302 226
297 275
292 317
293 325
371 226
376 273
375 316
373 331
316 319
310 398
308 457
304 464
348 317
350 386
349 447
339 461
337 219
292 338
286 324
368 346
364 328
334 320
336 262
338 205
340 177
302 226
298 275
292 317
293 325
371 226
376 273
375 316
373 331
316 319
310 399
308 459
304 465
348 317
350 386
349 447
342 460
337 219
291 337
286 326
370 345
364 326
333 320
336 262
338 205
340 177
302 226
298 275
291 317
293 325
371 226
376 273
375 316
373 330
316 319
310 400
308 455
306 464
348 317
350 386
349 447
343 456
337 219
291 338
286 324
370 344
365 324
333 320
336 262
338 205
340 177
302 226
298 275
291 317
293 326
371 227
375 275
375 316
373 330
316 319
310 397
308 457
296 461
348 317
350 392
349 448
343 461
337 219
291 339
286 324
370 344
365 327
333 320
336 262
338 205
340 177
302 226
298 275
291 317
293 326
371 227
376 274
375 316
373 331
316 319
310 397
309 457
296 460
348 317
350 390
349 448
343 461
337 219
291 339
285 328
370 345
364 330
333 320
336 262
338 205
340 177
302 226
298 275
291 317
293 326
371 227
375 276
374 319
373 333
316 319
310 400
308 457
306 469
348 318
350 386
349 445
344 459
337 219
291 339
285 331
374 345
364 330
333 320
336 262
338 205
340 177
302 226
298 275
290 318
292 327
371 227
375 276
375 318
374 332
315 319
310 399
308 457
301 466
347 318
350 386
349 445
338 461
337 219
290 340
285 325
373 346
365 328
333 320
336 262
338 205
340 177
302 226
298 275
290 318
292 327
371 227
375 274
375 317
373 332
315 319
310 399
308 458
295 463
347 318
350 386
349 445
343 454
337 219
289 340
285 327
371 346
364 329
333 320
336 262
338 205
340 177
303 226
298 276
290 318
291 328
371 227
375 274
375 320
374 333
315 319
310 397
309 456
306 467
347 318
350 386
349 443
342 459
337 219
288 341
282 332
373 346
365 329
333 320
336 262
338 205
340 177
303 227
298 276
290 318
291 329
371 227
376 274
375 324
374 333
315 319
310 398
309 457
305 466
347 318
350 386
349 443
341 461
338 219
289 342
283 325
374 346
365 331
333 320
336 262
338 205
340 177
303 227
298 276
290 318
291 329
372 227
376 278
376 324
375 333
315 319
310 398
309 457
305 466
347 318
350 386
350 445
344 453
338 219
288 342
284 324
378 345
365 333
333 320
336 262
338 205
340 177
303 227
298 277
290 318
289 330
372 227
376 279
378 322
377 334
315 319
310 401
308 459
305 468
347 318
350 385
349 448
343 462
338 219
287 342
282 329
378 347
366 337
333 320
336 262
338 205
340 177
303 227
297 278
288 320
288 331
372 227
376 277
378 321
379 334
315 319
310 399
308 458
306 467
347 318
350 385
349 444
343 453
338 219
286 343
279 331
379 346
372 332
333 320
336 262
338 205
340 177
303 227
296 279
288 318
287 332
372 227
376 277
379 321
381 334
315 319
310 400
308 458
295 462
347 318
350 386
349 444
341 459
338 219
285 343
280 338
382 346
376 341
333 320
336 262
338 205
340 177
303 227
296 280
286 318
284 332
372 228
377 283
380 321
383 335
315 319
310 401
308 456
305 467
347 318
350 386
350 445
343 459
338 219
282 344
276 336
383 346
379 339
333 320
336 262
338 205
340 177
303 227
296 279
285 318
283 332
372 228
377 280
382 320
384 335
315 320
310 399
308 457
305 467
347 318
350 386
349 445
343 459
338 219
279 345
276 328
387 346
380 339
333 320
336 262
338 205
341 177
303 227
295 278
281 317
278 326
372 228
377 279
385 320
387 334
315 320
310 399
308 456
305 468
347 318
350 389
350 443
342 461
338 219
279 343
274 326
387 344
381 339
333 320
336 262
338 205
341 177
303 227
292 277
276 315
270 330
372 228
378 279
387 319
392 334
315 320
310 399
308 457
304 468
347 318
350 387
350 443
344 452
338 219
265 344
265 324
394 344
386 337
333 320
336 262
338 205
341 177
303 227
288 277
270 317
261 330
372 228
379 279
391 318
398 332
315 320
310 400
308 457
305 469
347 318
349 389
350 446
344 461
338 219
255 341
256 323
405 345
392 335
333 320
336 262
338 205
341 177
303 227
287 276
267 313
258 325
372 228
380 279
394 318
401 332
315 320
310 402
309 459
295 462
347 318
350 388
350 443
343 460
338 219
251 341
252 323
408 341
396 336
332 320
336 262
338 205
341 177
303 227
284 272
263 308
254 315
373 228
382 276
401 318
409 330
315 319
310 400
309 456
304 466
347 318
350 387
350 443
343 460
338 219
243 328
244 319
418 341
405 336
332 320
336 262
338 205
341 177
303 227
282 270
261 306
247 319
373 228
383 273
404 318
413 329
315 319
310 400
309 456
304 466
347 318
350 387
349 442
343 460
338 219
238 330
240 318
421 340
407 332
332 320
336 262
338 205
341 177
304 227
278 269
253 305
238 317
373 228
387 269
411 313
421 325
315 319
310 398
309 457
296 468
347 318
350 387
349 443
342 461
338 219
230 328
232 313
430 336
415 329
332 320
336 262
338 205
341 177
304 227
275 266
247 298
232 312
373 228
390 266
418 307
429 319
315 319
310 402
309 458
305 470
347 318
350 386
349 443
344 452
338 219
223 324
225 308
436 329
423 323
332 320
336 262
338 205
341 177
304 226
276 258
245 292
227 305
373 228
393 263
423 301
437 313
315 319
310 400
309 458
306 468
347 318
350 386
349 442
341 462
338 219
218 318
221 302
445 323
431 316
332 320
336 262
338 205
341 177
304 226
276 258
244 289
225 302
374 228
395 262
424 295
440 309
315 319
310 401
309 459
306 468
346 318
350 386
349 442
344 452
338 219
216 314
220 298
449 319
435 313
332 320
335 262
338 205
341 177
304 226
273 255
231 290
215 298
374 228
398 260
427 288
444 300
314 319
310 399
309 458
306 467
346 318
350 386
349 445
344 460
338 219
206 309
210 292
453 311
444 308
332 320
335 262
338 204
341 177
304 226
271 253
225 284
210 291
374 228
400 258
440 286
454 294
314 319
310 401
309 458
306 467
346 318
350 386
350 445
343 461
338 219
199 302
204 285
464 301
453 301
332 320
336 262
339 204
341 176
304 226
271 252
222 281
207 287
374 227
403 256
442 284
458 291
314 319
310 401
308 458
306 468
346 318
350 386
346 452
341 466
338 219
195 299
204 280
468 297
457 299
332 320
336 262
339 204
341 176
304 225
267 246
218 271
202 279
374 227
406 252
443 272
461 281
314 319
310 397
308 458
306 468
346 318
350 385
349 443
343 451
338 218
190 289
198 272
471 288
458 285
332 320
336 261
339 204
341 176
304 225
263 243
222 260
202 266
374 227
408 250
446 263
465 271
314 319
309 399
308 457
306 467
346 318
349 386
349 453
342 464
338 218
191 275
195 262
475 276
469 280
332 319
336 261
339 204
341 176
304 224
264 237
222 254
202 261
375 226
409 247
448 260
468 266
314 318
309 399
309 457
308 470
346 318
349 386
348 448
342 457
338 218
191 269
194 257
479 274
472 275
332 319
336 261
339 203
342 176
304 223
263 234
223 246
202 249
375 225
412 243
452 253
473 257
314 318
309 399
309 458
307 468
346 317
349 386
350 443
340 462
338 218
191 256
194 246
485 261
475 263
332 318
336 260
339 203
342 176
304 222
263 231
222 238
201 239
375 224
414 238
454 244
475 247
314 317
309 397
309 457
306 466
346 316
349 385
348 449
340 462
338 217
189 243
192 235
486 251
482 255
332 318
336 260
339 203
342 176
304 222
263 230
221 234
201 234
376 224
416 230
456 241
476 242
314 317
309 397
308 457
303 465
346 316
349 385
349 449
343 457
338 217
189 237
194 230
488 244
482 248
332 317
336 260
339 203
342 176
303 220
259 219
210 224
190 225
376 223
419 227
465 231
485 232
314 316
309 397
309 458
304 466
346 316
349 385
350 444
343 460
338 217
178 229
187 219
499 233
491 237
332 317
336 259
339 202
342 175
303 220
262 215
209 216
190 213
376 222
418 223
465 224
484 220
314 316
309 397
308 459
305 470
346 315
349 385
350 442
342 460
338 217
177 215
189 208
497 220
488 225
332 317
336 259
339 202
342 175
303 219
262 213
209 212
191 207
377 221
418 219
466 216
486 213
314 316
309 401
308 459
305 471
346 315
349 385
349 445
344 454
338 216
177 209
184 203
499 214
492 218
332 316
336 259
339 202
342 175
302 218
262 209
214 199
194 194
377 220
421 211
465 205
485 200
315 315
309 397
308 458
306 468
346 314
349 385
348 452
340 466
338 216
182 195
190 187
498 198
489 204
332 315
336 258
339 202
342 175
302 217
264 204
211 188
194 181
377 218
419 205
468 192
486 187
315 314
309 395
308 459
305 469
346 314
349 385
349 453
341 467
338 216
180 180
192 174
501 184
492 190
332 315
336 258
339 202
342 175
302 217
265 202
213 183
195 174
377 217
419 201
467 188
485 181
315 314
309 395
308 459
305 469
347 313
349 385
349 451
342 462
338 216
180 171
195 167
501 176
492 184
333 314
336 257
339 202
341 175
302 215
266 197
224 174
206 165
377 216
420 194
472 174
493 166
315 313
309 395
308 457
304 466
347 312
349 384
348 441
342 450
338 215
192 161
205 159
496 162
491 167
333 313
336 257
339 201
341 175
303 214
268 193
227 164
210 153
377 215
418 188
467 162
476 156
315 312
309 395
308 459
305 466
347 312
349 384
349 444
340 460
338 215
199 146
209 144
489 152
480 159
333 313
336 257
339 201
341 175
303 213
270 188
230 161
214 148
376 214
419 183
465 160
474 151
315 312
309 394
308 456
305 466
347 311
349 384
349 444
341 460
338 215
202 142
213 142
487 144
479 153
333 312
336 256
339 201
341 175
303 212
272 185
232 148
216 136
376 213
408 183
455 153
466 142
315 311
309 394
308 456
304 467
347 311
349 383
349 445
340 460
338 214
203 127
218 128
479 134
471 144
333 312
336 256
339 200
341 175
304 211
276 182
239 147
226 130
375 212
406 180
447 147
460 132
315 311
310 395
308 458
305 464
347 310
349 383
349 444
341 462
338 214
213 121
227 124
474 123
464 134
333 312
336 256
339 200
341 175
304 211
277 180
243 143
230 127
375 211
402 179
442 146
456 129
315 311
310 393
308 456
304 465
347 310
349 383
349 445
341 462
338 214
217 118
230 119
468 120
461 129
333 312
336 255
340 200
341 175
304 210
281 179
248 136
238 121
375 212
397 177
434 140
448 122
315 311
310 393
308 457
304 465
347 310
349 383
349 448
340 462
339 214
227 110
239 114
459 112
453 122
333 311
336 255
340 200
341 175
305 209
283 176
255 130
242 109
374 210
395 174
429 130
438 117
315 310
310 393
308 457
305 467
347 309
349 383
349 451
343 465
339 214
232 97
244 102
449 108
442 117
333 311
337 255
340 200
341 175
306 208
284 175
259 127
248 109
373 209
393 173
425 127
436 111
315 310
310 393
308 458
305 467
347 309
349 383
349 442
343 451
339 214
239 98
252 104
445 100
441 110
333 310
337 255
340 200
341 175
306 207
286 173
275 133
263 118
372 207
392 170
416 125
427 106
316 310
310 393
308 457
306 466
347 308
349 382
349 441
344 459
339 213
259 104
262 104
434 95
433 103
333 310
337 254
340 200
341 175
306 207
290 169
275 124
266 103
372 207
389 166
413 116
419 100
316 309
310 392
308 458
306 466
347 308
349 380
349 441
342 460
339 213
261 91
269 94
426 90
424 96
333 309
337 254
340 200
341 175
306 206
291 168
278 125
272 106
371 201
389 164
407 122
414 102
316 309
310 392
308 458
295 461
347 307
349 380
349 442
343 459
339 213
268 94
275 98
418 91
420 95
333 309
337 254
340 200
341 175
307 204
293 167
285 125
280 105
370 200
385 158
403 106
407 93
316 308
310 392
308 458
306 467
347 306
349 380
348 449
342 463
339 213
278 93
284 95
412 81
411 92
333 308
337 254
340 200
340 174
308 204
295 165
288 124
288 104
370 200
383 157
398 104
400 90
316 308
310 392
308 458
306 466
347 306
349 379
349 442
343 451
340 213
288 92
291 96
404 78
402 91
333 308
337 253
341 200
340 174
308 204
297 165
296 110
295 94
370 201
380 156
390 108
392 89
316 307
310 392
308 458
294 463
347 306
349 378
350 445
343 459
340 213
298 81
300 85
395 78
396 85
333 307
337 253
341 200
340 174
309 199
298 161
299 109
298 90
370 201
378 155
389 107
389 88
316 306
310 392
308 459
305 468
347 305
349 379
350 447
343 459
340 213
297 77
304 86
392 76
392 82
333 307
337 253
340 200
339 175
310 204
302 150
304 96
305 84
370 202
375 145
383 100
382 85
316 306
310 392
308 458
305 467
347 305
349 379
350 446
344 460
339 213
306 71
310 82
384 74
384 83
333 306
337 253
340 200
339 175
310 204
304 150
307 96
309 83
370 202
373 150
379 95
378 84
316 306
310 392
308 459
305 467
347 304
349 379
350 446
337 462
339 213
311 68
313 85
380 72
380 78
333 305
337 252
340 200
339 175
309 202
307 151
312 97
316 83
369 204
370 150
374 97
372 83
316 304
310 390
308 457
295 462
346 303
349 379
349 444
341 459
339 213
318 68
320 78
373 71
374 80
332 305
336 252
340 200
339 175
309 198
308 154
315 113
319 93
369 205
367 148
368 93
366 83
314 305
310 391
308 456
305 466
345 303
349 379
349 446
342 461
339 213
325 80
325 91
365 70
366 74
332 304
336 251
340 199
339 175
310 199
309 153
318 112
324 93
369 203
366 151
363 98
361 84
315 304
310 390
308 457
305 467
346 302
348 378
349 443
343 459
339 212
330 80
330 92
359 69
360 72
332 304
336 251
340 200
339 175
310 198
311 153
325 100
329 87
369 203
365 152
363 98
359 84
315 304
310 390
308 458
305 467
346 302
348 378
349 443
342 459
339 212
336 68
334 88
356 69
359 81
332 303
336 251
340 200
340 176
311 200
314 151
326 107
330 93
369 203
364 153
360 99
354 87
315 303
310 389
308 459
305 467
346 301
348 378
349 442
342 460
339 213
333 80
336 89
351 71
354 92
332 304
336 252
339 201
340 177
311 201
314 149
330 103
339 87
369 203
364 153
352 100
348 87
315 304
310 390
308 459
305 467
346 301
348 378
349 441
340 461
339 213
344 72
348 91
341 74
350 86
332 304
336 252
339 201
340 177
311 201
314 147
335 100
342 85
369 203
363 153
351 102
345 86
314 304
310 390
308 459
305 468
346 301
348 378
349 447
341 461
339 213
346 71
346 85
343 72
347 82
332 302
336 251
339 201
340 177
311 202
315 145
332 108
340 90
368 203
363 153
351 103
345 87
315 302
310 389
308 459
305 466
346 298
348 378
349 444
341 461
338 213
344 77
347 95
342 75
346 83
333 300
336 250
339 201
340 177
311 202
316 145
334 105
342 88
368 203
362 153
347 101
344 88
317 298
310 385
308 458
305 465
347 297
348 378
349 445
339 463
338 213
343 75
346 93
342 74
345 78
333 300
336 250
338 201
340 177
311 202
317 146
335 105
343 89
368 203
362 151
350 105
344 89
317 298
310 385
308 458
305 467
347 299
348 379
349 447
342 461
338 213
344 74
346 95
342 74
346 80
333 299
336 249
337 199
339 175
311 202
317 146
336 105
343 92
368 203
361 152
346 100
343 89
317 298
310 385
308 458
305 467
347 298
348 379
349 444
340 463
337 211
345 78
347 100
344 72
346 83
333 299
336 249
337 199
339 175
311 202
317 146
336 105
343 93
368 203
362 152
346 100
343 90
317 298
310 385
308 455
305 466
347 298
348 379
349 444
342 462
337 211
344 78
346 100
343 73
345 87
334 299
336 249
338 200
339 176
311 202
317 146
336 105
343 91
368 203
362 152
346 101
343 91
317 298
310 384
309 456
305 466
347 298
348 379
349 446
345 460
337 212
346 74
347 97
344 73
347 93
333 302
336 250
337 200
340 176
311 202
317 146
331 108
342 92
368 203
362 152
347 101
343 91
316 302
310 388
307 459
296 461
347 300
348 378
348 442
343 459
337 212
345 77
345 96
344 74
346 87
333 302
335 250
337 200
341 176
311 202
317 146
339 105
344 95
368 203
363 152
347 102
343 95
316 302
310 389
308 460
306 466
347 300
348 378
350 446
343 460
337 212
347 78
348 101
342 80
346 90
333 302
336 250
338 200
342 177
311 202
310 145
336 111
343 98
368 200
365 152
352 115
344 99
316 303
310 389
308 458
305 469
347 300
348 378
349 445
342 461
337 212
346 83
347 104
342 85
347 94
333 303
336 251
338 200
340 176
310 202
306 152
328 117
340 103
368 200
368 152
353 117
344 102
316 303
310 389
308 458
295 461
347 301
348 378
349 446
338 463
337 213
344 89
346 107
342 87
346 98
333 303
336 251
338 200
340 175
310 202
301 157
324 123
337 108
368 201
372 157
359 119
348 109
316 303
310 389
308 458
304 464
346 301
348 378
349 446
342 460
337 213
343 95
344 103
344 95
347 102
333 303
336 251
339 200
340 175
310 201
300 155
325 122
339 111
368 201
373 160
359 121
347 112
316 303
310 389
308 459
305 467
346 301
348 377
349 443
343 452
338 213
343 99
346 115
342 98
343 100
332 304
336 251
339 200
340 175
310 201
296 161
318 126
334 117
368 201
375 160
355 124
342 115
315 303
310 390
308 458
305 466
346 302
348 377
349 443
341 461
338 213
342 105
335 121
338 104
342 107
332 304
336 252
339 200
340 175
309 202
294 162
318 128
335 120
369 201
378 160
347 125
340 118
315 304
310 390
308 458
305 466
346 303
348 377
349 446
340 462
338 213
341 109
341 121
338 107
342 113
333 305
336 252
339 200
340 175
309 202
293 163
319 130
335 122
369 201
379 160
351 130
340 121
316 305
310 391
309 458
305 466
346 303
348 379
348 448
340 463
338 213
341 109
342 125
338 109
344 118
333 305
336 252
338 201
340 174
309 202
291 164
319 133
335 126
369 201
380 161
337 127
333 124
316 305
310 391
309 457
308 468
346 303
349 379
348 448
342 462
338 213
341 114
341 129
336 116
336 117
333 305
336 253
338 201
340 174
308 203
289 165
319 136
328 135
369 201
382 162
350 134
342 131
316 305
310 391
309 456
297 467
346 303
349 379
350 441
344 450
338 214
339 126
339 133
337 125
340 122
333 305
336 253
338 201
340 174
308 203
289 166
319 137
335 132
370 201
382 163
351 136
342 134
316 305
310 391
309 457
305 468
346 303
349 379
350 446
343 460
338 214
341 123
341 135
336 128
339 126
333 306
336 253
338 200
340 173
308 203
288 167
320 140
335 136
370 202
384 165
348 143
340 138
316 305
310 392
308 457
305 467
346 304
349 379
350 444
341 461
338 213
341 129
341 140
333 136
339 130
333 306
336 252
338 199
340 172
308 204
287 168
319 142
335 138
370 202
384 167
350 143
340 139
316 306
310 392
308 458
305 471
346 304
349 379
350 443
341 460
338 213
340 130
342 141
332 131
339 132
333 307
336 253
338 200
340 170
307 206
287 171
319 145
335 142
370 204
385 169
349 147
340 143
315 306
310 392
308 457
308 468
346 305
349 379
350 447
344 456
337 213
340 133
341 145
334 140
339 134
332 308
336 253
338 199
340 169
306 209
287 175
319 150
334 147
371 212
384 176
351 149
341 147
315 308
310 393
308 457
306 468
346 306
349 380
349 444
341 462
338 212
340 142
341 150
336 141
339 137
332 309
336 253
338 198
340 169
306 210
284 178
317 154
333 149
371 212
385 178
352 152
341 150
315 308
310 393
308 457
305 466
346 307
349 380
349 443
341 463
337 212
339 142
340 153
334 141
337 143
332 310
336 254
338 199
340 170
305 212
284 181
317 157
333 153
371 213
385 180
349 157
339 154
315 310
310 393
308 457
305 467
346 308
349 380
349 443
343 452
338 212
339 146
339 157
332 146
337 145
332 311
336 254
338 199
339 173
305 215
285 185
316 164
330 159
371 213
386 183
348 163
340 160
315 311
310 397
308 457
305 467
346 309
349 380
349 442
343 451
338 212
337 156
339 161
333 156
336 153
332 314
336 255
338 199
339 174
306 218
285 190
316 166
331 162
371 218
384 189
347 167
338 165
315 313
310 395
309 457
305 467
347 312
349 380
349 442
342 461
338 213
336 158
339 166
329 157
335 155
332 314
336 256
338 199
339 177
306 219
284 191
316 168
332 164
371 218
384 191
347 170
337 167
315 313
310 398
309 458
305 469
347 312
349 381
349 442
343 460
338 213
336 160
337 169
331 163
335 156
333 315
336 257
338 200
339 181
306 220
283 196
319 183
326 177
371 219
382 195
345 176
335 172
315 314
310 397
309 457
305 467
347 313
349 381
349 442
343 451
338 214
337 175
337 176
329 169
335 162
332 316
335 258
338 202
339 180
306 221
283 200
317 182
314 186
370 220
379 199
341 180
332 177
315 315
310 395
309 457
306 466
347 314
349 382
349 442
343 461
337 216
324 182
316 188
324 176
331 168
332 316
335 258
338 201
339 179
306 221
283 203
317 185
313 189
370 220
378 201
340 183
332 180
315 315
310 395
309 457
297 468
347 314
349 382
348 450
343 463
337 215
324 186
316 191
324 179
331 171
332 316
335 258
337 201
340 170
306 221
282 207
321 195
331 189
370 220
377 207
339 189
331 186
315 315
310 398
309 457
305 466
347 314
349 383
349 443
343 453
337 215
344 193
334 194
322 188
330 177
332 318
335 260
338 203
339 172
307 224
284 209
322 194
332 191
370 224
378 211
341 193
332 190
314 317
310 400
308 457
297 459
347 316
349 383
350 446
346 455
337 218
341 196
336 199
328 184
331 179
332 319
335 261
338 205
339 172
307 225
284 213
323 199
326 196
370 225
378 213
340 195
331 192
314 318
310 400
308 457
304 469
347 317
349 383
349 449
344 458
338 219
335 192
334 199
326 188
331 183
332 321
335 264
337 209
339 174
306 226
283 216
322 201
326 199
368 227
378 216
339 200
331 197
314 320
310 401
309 458
309 468
347 320
350 384
349 445
343 454
337 223
333 194
321 204
324 195
330 188
332 324
335 267
336 210
339 175
306 231
282 219
321 204
328 202
368 230
376 218
337 203
330 200
313 324
310 400
309 458
307 466
347 322
350 386
349 444
341 462
336 224
334 199
323 208
321 202
330 191
332 325
334 267
336 210
340 176
306 231
282 221
320 205
329 203
368 231
375 219
337 204
331 202
313 324
310 401
309 458
296 464
347 323
350 386
349 444
341 462
336 224
335 200
335 204
326 198
331 192
332 327
334 268
336 211
340 177
309 225
282 226
322 214
324 212
366 230
378 224
336 209
329 207
313 326
310 402
309 459
307 469
347 325
350 388
349 449
342 463
335 225
335 207
323 212
318 213
330 197
332 325
334 266
335 206
340 174
308 221
282 229
322 219
331 213
367 228
378 228
336 213
330 210
313 324
310 402
309 458
307 468
347 323
350 387
348 451
342 459
335 221
337 213
329 206
323 208
331 203
331 325
333 264
335 205
340 174
308 221
282 231
322 220
331 215
367 227
378 232
336 215
329 213
313 324
310 402
309 458
306 468
347 323
350 386
349 443
344 453
334 220
338 217
330 209
316 220
329 204
331 324
333 264
335 204
340 175
308 221
281 236
323 223
331 219
367 226
379 237
336 220
330 217
313 323
310 402
309 457
307 468
346 322
350 386
350 444
344 453
335 219
340 223
330 211
327 211
331 207
331 323
334 263
336 204
340 176
307 221
280 240
321 230
328 226
367 226
380 241
337 223
330 221
313 322
310 402
309 459
304 468
346 321
349 388
349 445
344 455
335 218
340 224
329 215
327 214
332 211
331 323
334 263
336 204
340 176
307 221
280 242
320 230
328 227
367 226
381 244
339 226
331 224
313 322
310 402
308 458
308 470
346 321
349 387
349 442
341 462
336 218
336 222
329 216
326 222
330 213
331 322
334 262
337 204
341 176
307 221
280 244
320 235
327 233
368 226
380 247
337 229
328 226
313 322
310 401
309 458
297 462
345 320
349 387
349 445
343 460
336 218
336 229
328 222
319 228
330 216
331 322
334 262
337 204
341 177
307 221
280 248
324 236
332 234
368 226
378 250
335 232
327 229
313 321
310 401
308 457
306 467
345 320
349 387
349 445
342 459
336 218
342 236
330 222
318 230
330 219
331 322
334 262
337 204
341 177
306 223
280 249
324 236
332 234
368 226
377 251
335 233
326 230
313 321
310 401
309 457
297 468
345 319
349 387
349 445
343 459
336 218
343 236
330 223
316 231
328 222
331 321
334 262
337 204
341 177
306 222
280 251
325 241
335 238
368 226
380 253
337 234
324 232
313 320
310 401
309 458
295 463
345 319
349 387
349 445
341 461
337 218
351 236
329 223
312 226
337 221
330 320
334 262
337 204
341 177
306 222
281 251
325 241
332 238
369 226
380 254
338 235
326 231
313 319
310 401
308 458
307 469
345 318
349 386
349 446
341 461
337 218
343 239
330 226
312 229
332 223
330 320
334 262
337 204
341 177
305 224
281 253
325 242
332 239
369 226
380 254
338 236
325 231
313 319
310 401
308 457
307 468
345 318
349 386
348 444
343 460
336 218
342 239
329 228
311 228
327 223
330 320
334 262
337 204
341 177
305 223
281 254
325 244
332 241
369 226
381 255
334 242
324 241
313 319
310 401
308 456
295 463
345 318
349 386
349 446
344 457
336 219
342 240
330 229
309 239
327 231
330 320
334 262
337 204
340 178
305 223
280 253
321 242
325 239
369 226
381 255
336 243
325 241
313 319
309 401
310 459
298 461
344 318
349 386
348 450
342 460
336 219
343 236
322 230
309 239
330 232
330 320
334 262
337 204
340 178
305 223
280 253
321 242
325 239
369 226
381 255
337 243
325 242
313 319
309 399
309 458
306 467
344 319
349 385
350 442
345 453
336 219
342 236
319 232
310 240
329 231
330 320
334 262
337 204
340 178
304 224
280 253
320 242
325 239
369 226
382 255
337 245
326 243
312 319
309 400
309 459
307 469
344 319
349 385
349 442
344 453
336 219
341 236
320 231
310 242
329 233
330 320
334 262
337 204
340 177
303 224
280 253
320 242
324 239
369 226
382 256
343 243
330 238
312 319
309 400
309 458
306 468
344 318
349 385
347 454
341 463
336 219
341 236
319 231
316 232
340 232
329 320
333 262
336 204
340 177
302 224
279 254
319 243
324 238
369 226
382 257
343 243
331 236
312 319
309 400
309 458
307 468
344 318
349 385
348 450
342 460
336 218
341 235
318 231
316 231
341 231
329 320
333 261
336 204
339 177
301 224
279 257
324 250
334 244
369 226
384 260
345 262
333 265
311 319
308 399
309 457
305 465
343 318
349 385
349 445
345 454
335 218
350 236
324 230
323 269
330 249
329 320
333 261
335 204
339 176
301 224
279 257
320 250
322 242
368 226
386 261
352 272
340 278
311 319
308 400
309 460
306 473
343 318
348 385
349 445
341 462
335 218
340 235
315 231
330 282
335 263
328 319
332 261
335 203
338 176
300 224
279 259
297 281
309 279
368 226
385 262
358 280
348 287
311 318
308 400
308 459
299 467
343 317
348 391
349 446
339 464
334 218
317 279
312 263
336 282
357 279
328 320
332 261
334 203
338 176
299 224
287 266
291 303
295 315
368 226
373 266
361 301
352 311
311 318
308 399
308 459
303 468
342 318
347 386
349 445
337 460
334 218
298 327
289 311
347 319
347 308
328 320
332 261
334 203
338 176
299 225
290 274
287 316
286 327
368 226
371 270
363 311
360 323
311 319
308 399
308 459
303 466
342 318
347 387
348 447
342 460
333 218
284 341
278 324
357 335
364 320
328 320
331 261
333 203
337 175
298 225
290 275
283 316
284 326
368 226
369 271
370 315
373 328
311 319
307 399
308 457
305 469
342 318
347 388
348 447
341 461
333 217
280 340
275 326
377 344
381 329
327 320
331 261
333 203
337 175
297 225
287 273
281 313
283 325
367 226
371 273
375 316
374 330
310 319
307 399
309 458
296 461
342 318
346 388
349 447
342 460
333 217
285 334
277 327
373 345
381 332
327 319
330 261
333 202
337 174
297 224
285 272
281 313
283 326
367 226
372 273
376 316
373 329
310 318
307 399
309 458
305 466
341 318
346 388
348 448
341 460
332 217
287 342
277 327
373 342
379 328
327 319
330 260
332 202
336 174
297 223
283 270
277 309
278 319
367 226
374 276
377 315
373 330
309 318
307 398
308 457
305 466
341 318
346 388
347 449
339 461
332 217
279 334
277 331
370 343
377 330
327 319
330 260
331 202
336 174
297 223
284 270
276 310
276 319
367 226
374 277
377 316
373 331
309 318
306 399
308 457
305 466
341 318
346 388
347 449
339 462
331 216
279 333
275 329
372 342
377 330
327 319
330 260
331 202
336 174
297 223
284 271
276 310
275 318
367 226
374 277
376 316
373 331
309 318
306 399
308 457
305 467
341 318
346 388
347 449
340 462
331 216
278 333
272 317
373 343
377 325
327 320
329 260
331 202
336 174
297 223
285 273
275 313
276 317
366 226
372 278
375 316
371 332
309 318
306 399
308 457
305 467
341 318
346 388
347 449
340 463
330 216
278 332
272 317
370 345
374 333
328 320
329 260
330 202
336 174
296 222
286 274
280 314
278 327
366 226
369 274
373 317
369 329
310 318
306 398
308 458
305 467
342 319
345 386
346 436
343 443
330 216
280 341
275 329
367 342
369 342
328 320
330 260
330 201
337 174
296 222
286 275
280 317
282 330
366 226
368 274
372 320
370 330
310 318
306 398
308 458
304 467
343 319
346 385
346 435
343 442
330 216
280 345
276 323
369 342
372 335
330 321
330 260
331 201
338 174
296 221
286 273
284 317
286 329
367 227
370 276
377 313
374 328
312 319
306 396
308 459
304 466
345 319
349 380
346 435
344 440
331 216
289 344
279 335
373 342
377 332
335 321
334 260
332 201
342 174
297 221
287 270
287 310
291 323
369 226
374 277
381 319
378 330
317 320
308 393
308 457
296 460
350 320
354 376
353 423
352 428
333 215
293 336
283 325
373 342
380 337
339 322
338 260
336 200
347 174
301 220
292 269
291 306
294 319
372 227
377 279
383 321
384 329
321 320
312 383
308 452
295 458
353 320
362 376
362 424
360 401
337 215
297 331
288 320
382 341
385 333
342 322
341 261
339 201
350 174
303 220
294 268
294 305
297 317
375 228
380 283
385 321
385 329
325 321
312 398
308 457
295 462
355 320
367 375
363 425
362 401
339 216
301 328
290 319
381 341
387 335
348 323
346 261
345 201
357 176
310 221
300 266
299 301
303 313
382 230
383 283
389 321
392 330
332 322
314 392
309 456
305 465
360 321
376 376
368 426
368 399
345 216
306 322
297 315
391 341
394 338
354 323
354 262
353 201
366 177
318 221
306 264
307 300
311 311
387 230
390 281
396 327
399 333
337 322
318 395
309 455
304 468
367 322
386 376
371 424
373 397
353 216
313 320
305 314
398 340
401 334
358 323
359 262
358 201
370 177
323 221
312 265
310 298
315 310
391 227
394 278
391 318
391 327
342 322
320 396
310 455
304 466
372 321
389 377
371 423
377 399
359 216
318 319
312 318
393 341
397 326
368 322
369 261
368 201
380 176
335 220
322 267
318 301
324 313
404 228
406 280
402 321
404 327
351 321
326 395
310 458
304 468
381 320
398 377
383 425
387 399
369 216
327 322
333 315
402 341
409 333
379 320
380 259
379 199
392 175
348 219
334 267
328 302
331 314
414 224
416 277
412 318
411 324
362 319
332 397
307 461
298 470
392 319
404 378
431 413
412 393
379 214
333 325
339 316
413 340
414 326
385 318
386 258
385 198
397 173
354 217
338 266
332 303
335 316
418 223
421 276
416 317
417 325
368 317
336 398
308 460
296 461
398 318
410 377
430 416
413 395
385 213
335 327
341 314
417 339
424 333
396 315
395 255
394 196
406 171
363 215
347 265
341 305
344 318
430 222
435 279
439 317
439 324
378 313
358 372
330 433
327 446
409 315
414 376
407 423
406 396
394 210
343 330
350 317
440 339
439 322
403 312
403 252
402 194
414 170
371 213
356 264
350 305
353 318
440 222
445 279
454 316
449 319
385 308
383 365
358 427
355 440
416 313
421 374
419 423
415 396
403 209
353 332
360 312
448 324
447 322
404 311
406 252
407 194
418 169
375 212
360 263
354 305
357 318
444 227
448 278
457 316
466 314
386 307
388 363
363 425
359 438
417 312
428 371
406 413
412 389
406 208
357 331
363 312
465 319
463 317
406 308
410 250
413 193
425 169
381 210
366 260
361 302
365 315
451 224
453 269
463 303
466 315
387 304
410 351
385 413
366 423
420 309
427 364
400 382
402 363
412 207
367 330
370 312
466 316
466 316
408 305
414 248
419 192
430 168
386 208
372 260
369 305
370 312
455 222
458 265
465 302
467 315
388 301
424 332
415 391
407 373
422 306
428 361
416 407
413 383
418 206
370 321
375 307
468 316
467 315
411 303
417 247
421 191
433 168
389 208
374 259
370 297
373 311
457 222
459 264
464 301
466 314
391 299
423 338
414 399
410 376
426 305
422 372
392 399
404 387
420 205
375 326
379 310
467 315
467 315
413 303
420 246
426 191
437 167
394 207
379 257
375 297
377 311
460 223
462 265
432 284
421 290
392 297
427 332
423 390
423 409
429 305
424 371
406 357
409 368
424 205
378 325
384 304
410 300
419 295
412 300
421 244
429 190
440 166
398 208
384 257
378 298
379 314
459 220
462 265
418 293
410 291
390 294
423 337
424 395
414 375
429 304
420 366
416 374
413 373
427 203
381 327
384 310
404 297
413 292
403 297
420 244
431 189
441 165
399 208
385 257
380 307
381 317
458 219
437 256
408 299
405 309
380 290
421 320
422 378
411 362
422 302
403 364
452 348
429 361
428 202
381 327
386 318
405 321
406 307
410 294
422 239
433 185
442 162
403 205
389 251
381 305
383 316
456 212
428 246
414 286
409 297
386 287
429 315
431 373
419 353
429 298
412 360
447 322
428 340
431 198
383 327
388 316
406 312
408 291
415 289
426 234
436 180
443 156
406 201
394 254
388 295
386 310
457 206
436 245
412 279
409 286
391 283
433 313
388 334
384 314
434 292
415 354
450 316
432 335
434 193
386 323
394 311
394 298
407 287
422 287
430 231
437 178
444 153
408 200
397 254
390 299
390 310
458 203
432 249
409 283
399 288
397 282
439 312
391 323
389 304
441 289
422 350
457 313
438 331
435 191
389 323
394 307
390 296
390 277
427 281
434 227
439 174
446 149
411 196
404 242
400 281
399 289
462 197
434 243
409 279
398 282
401 277
447 300
396 303
396 319
447 283
425 345
460 307
441 326
438 187
397 305
402 299
397 291
395 276
428 278
436 225
441 170
448 146
415 194
409 243
414 276
412 273
465 193
436 240
412 276
411 275
404 274
444 313
393 316
391 332
444 280
426 341
461 304
451 323
440 184
411 277
409 275
410 276
409 274
428 278
436 223
442 169
449 145
416 193
413 239
418 264
416 267
465 192
437 239
457 274
451 280
404 273
447 311
396 314
393 331
444 280
427 340
462 303
451 321
441 182
414 270
408 272
451 287
448 279
430 257
436 211
442 166
448 143
418 188
413 222
417 246
423 252
465 187
446 210
449 249
453 257
416 256
436 302
385 305
402 306
441 257
479 250
518 245
517 244
441 177
427 256
426 256
457 267
447 261
431 255
438 209
443 164
449 141
418 186
405 211
425 244
422 253
466 184
441 213
449 241
448 244
417 255
437 298
387 301
402 306
440 254
483 252
526 250
525 250
442 175
418 260
422 250
442 257
437 255
432 254
439 208
444 163
449 140
418 185
402 209
417 228
414 240
466 182
439 200
446 236
448 253
419 254
438 297
387 300
402 307
441 253
484 251
528 250
526 249
443 174
410 247
415 237
452 260
437 250
433 252
439 206
444 161
449 139
428 191
404 202
417 225
414 237
460 180
432 199
428 228
425 237
420 255
440 299
469 356
469 359
440 249
481 251
522 252
522 252
443 172
410 244
415 234
425 240
423 234
432 252
438 206
444 160
449 137
423 179
404 200
413 221
416 237
453 180
425 207
429 243
419 238
419 252
436 293
460 348
454 350
439 251
481 248
525 246
521 244
442 172
415 238
412 238
417 240
415 235
431 250
437 205
442 160
447 136
424 179
410 205
421 224
413 237
451 180
422 207
428 243
425 249
419 249
433 291
456 348
450 350
438 251
483 249
529 247
525 246
441 171
412 242
410 235
426 251
418 245
426 251
432 205
437 160
443 136
421 188
397 197
422 172
422 166
446 179
425 198
425 237
422 243
414 249
429 292
452 351
448 354
432 251
470 249
510 247
507 246
436 171
428 162
423 171
413 251
424 248
420 250
426 205
431 161
441 138
421 187
397 193
423 167
423 161
440 180
420 208
418 243
417 259
408 248
422 290
444 348
443 351
426 251
462 250
502 249
501 248
430 171
429 155
424 166
411 267
412 263
422 247
429 199
434 152
443 135
425 180
401 185
428 162
429 155
443 172
421 203
420 237
420 245
410 246
426 284
452 339
450 342
428 247
464 239
503 232
501 231
433 164
435 151
427 160
418 251
418 246
405 266
412 221
417 176
427 159
408 204
413 210
434 188
430 178
426 195
429 168
429 202
421 207
395 264
407 304
424 353
421 354
411 267
454 265
503 263
502 262
416 187
431 172
427 183
419 213
420 208
400 267
407 222
411 178
422 161
403 205
408 212
428 190
436 182
420 197
422 169
423 202
415 203
389 265
401 305
418 355
416 357
405 266
447 268
496 271
495 270
410 189
434 182
433 183
413 208
414 204
